    // Every tokenized value in the 2015 twitter dataset csv
    vector<vector<int>> JasonsPartOutputTrain = 
    {
{0, 0, 0, 0, 0, 0, 0, 0, 0, 0, 725, 726, 43, 177, 207, 34, 29, 727, 29, 728},
{0, 0, 0, 0, 0, 0, 0, 0, 0, 0, 0, 0, 0, 20, 238, 239, 318, 133, 240, 29},
{0, 0, 0, 0, 0, 0, 0, 0, 0, 0, 451, 120, 177, 43, 729, 29, 178, 730, 30, 731},
{0, 0, 0, 0, 0, 0, 0, 0, 319, 732, 29, 34, 61, 238, 134, 34, 20, 11, 452, 453},
{0, 0, 0, 0, 0, 0, 0, 733, 43, 34, 29, 135, 62, 72, 82, 30, 177, 1, 320, 734},
{0, 0, 0, 208, 7, 735, 34, 454, 29, 9, 179, 177, 16, 321, 34, 736, 737, 322, 738, 178},
{0, 0, 0, 0, 0, 0, 0, 0, 0, 0, 0, 0, 0, 8, 12, 323, 739, 17, 740, 29},
{0, 0, 0, 0, 0, 0, 0, 0, 0, 0, 0, 0, 0, 0, 0, 0, 0, 741, 9, 29},
{0, 0, 0, 0, 0, 0, 0, 0, 0, 0, 0, 0, 0, 742, 29, 73, 54, 3, 743, 744},
{0, 0, 0, 0, 0, 0, 0, 0, 455, 745, 746, 29, 9, 747, 456, 748, 178, 457, 749, 750},
{0, 0, 0, 0, 0, 0, 74, 180, 155, 75, 34, 29, 34, 91, 751, 209, 34, 179, 61, 63},
{0, 0, 0, 0, 0, 0, 0, 0, 0, 0, 0, 458, 29, 83, 238, 752, 34, 156, 26, 44},
{0, 0, 0, 0, 0, 0, 0, 0, 0, 0, 0, 0, 753, 6, 459, 82, 29, 324, 55, 54},
{0, 0, 0, 0, 0, 0, 460, 754, 4, 82, 29, 321, 325, 755, 241, 326, 756, 757, 327, 242},
{0, 0, 0, 0, 0, 0, 0, 0, 0, 0, 0, 0, 0, 0, 0, 0, 0, 758, 4, 29},
{0, 0, 0, 0, 0, 0, 0, 0, 0, 0, 0, 319, 328, 207, 34, 29, 7, 329, 461, 181},
{0, 0, 0, 0, 0, 0, 0, 0, 0, 0, 0, 330, 331, 759, 29, 332, 9, 210, 34, 61},
{0, 0, 0, 0, 0, 0, 0, 0, 0, 0, 760, 207, 34, 29, 462, 463, 11, 157, 75, 464},
{0, 0, 0, 243, 761, 762, 9, 763, 120, 764, 333, 136, 137, 334, 29, 34, 91, 72, 182, 765},
{0, 0, 0, 0, 0, 0, 0, 0, 0, 0, 0, 0, 0, 6, 211, 183, 244, 7, 92, 121},
{0, 0, 0, 0, 0, 0, 0, 245, 766, 2, 92, 121, 184, 767, 26, 246, 93, 72, 325, 2},
{0, 0, 0, 0, 0, 6, 92, 121, 94, 212, 158, 159, 122, 10, 11, 76, 335, 17, 465, 182},
{0, 0, 0, 0, 0, 0, 0, 0, 0, 0, 64, 16, 92, 121, 184, 336, 466, 337, 467, 6},
{0, 0, 0, 0, 0, 0, 0, 0, 7, 14, 185, 92, 768, 18, 186, 769, 338, 54, 770, 468},
{0, 0, 0, 0, 0, 0, 0, 0, 138, 181, 247, 248, 213, 244, 214, 65, 4, 66, 92, 121},
{0, 0, 0, 0, 0, 0, 0, 0, 0, 771, 772, 249, 339, 16, 92, 121, 184, 41, 212, 248},
{0, 0, 0, 0, 0, 49, 10, 469, 6, 7, 92, 121, 2, 773, 250, 187, 215, 774, 158, 465},
{0, 0, 0, 0, 0, 0, 0, 0, 0, 0, 0, 0, 0, 0, 0, 3, 340, 251, 92, 121},
{0, 0, 0, 0, 0, 0, 0, 0, 0, 0, 0, 0, 0, 0, 775, 776, 777, 92, 121, 13},
{0, 0, 0, 0, 778, 779, 341, 252, 342, 780, 253, 3, 179, 66, 254, 50, 51, 120, 216, 72},
{0, 0, 0, 0, 0, 0, 0, 0, 0, 0, 8, 781, 50, 51, 470, 782, 783, 471, 9, 784},
{0, 0, 0, 0, 0, 50, 51, 255, 785, 786, 787, 788, 61, 343, 789, 472, 790, 791, 344, 345},
{0, 0, 0, 0, 0, 0, 0, 0, 43, 77, 4, 50, 51, 792, 793, 794, 795, 796, 240, 797},
{0, 0, 0, 0, 0, 0, 0, 0, 0, 0, 0, 0, 188, 256, 50, 51, 473, 798, 3, 160},
{0, 0, 0, 0, 8, 799, 800, 801, 257, 35, 802, 7, 50, 51, 41, 91, 26, 258, 159, 803},
{0, 134, 804, 805, 11, 26, 346, 43, 161, 1, 160, 806, 807, 808, 474, 809, 810, 347, 50, 51},
{0, 0, 0, 0, 0, 0, 811, 812, 123, 189, 95, 342, 813, 814, 3, 160, 50, 51, 475, 259},
{0, 0, 0, 0, 0, 0, 0, 0, 50, 51, 3, 63, 348, 139, 84, 815, 816, 260, 330, 817},
{0, 0, 0, 0, 0, 0, 0, 0, 0, 50, 51, 476, 477, 818, 819, 11, 820, 73, 478, 261},
{0, 0, 0, 0, 0, 0, 187, 217, 821, 26, 54, 8, 50, 51, 822, 823, 824, 825, 826, 2},
{0, 0, 0, 0, 0, 479, 827, 50, 51, 261, 16, 120, 12, 828, 479, 158, 480, 13, 189, 481},
{0, 0, 0, 0, 0, 0, 190, 482, 50, 51, 349, 829, 6, 11, 483, 474, 183, 11, 830, 251},
{0, 0, 0, 0, 0, 0, 0, 0, 239, 831, 50, 51, 262, 832, 484, 30, 263, 833, 834, 835},
{0, 0, 0, 0, 0, 0, 0, 0, 0, 0, 836, 3, 50, 51, 837, 66, 838, 839, 350, 840},
{0, 0, 0, 0, 0, 0, 0, 0, 0, 11, 21, 485, 351, 21, 7, 50, 51, 264, 248, 261},
{841, 486, 62, 842, 43, 21, 487, 843, 55, 488, 489, 218, 844, 3, 845, 846, 486, 847, 848, 136},
{0, 0, 0, 0, 0, 0, 0, 849, 265, 140, 850, 22, 851, 4, 41, 96, 352, 852, 41, 853},
{0, 0, 0, 0, 0, 0, 0, 0, 0, 0, 0, 0, 467, 91, 353, 854, 6, 855, 162, 856},
{0, 0, 0, 0, 0, 0, 0, 0, 0, 0, 0, 0, 0, 0, 0, 190, 56, 85, 857, 858},
{0, 0, 0, 0, 0, 0, 0, 0, 0, 488, 489, 134, 322, 163, 3, 266, 10, 859, 860, 490},
{0, 0, 0, 0, 0, 0, 0, 0, 0, 861, 354, 862, 3, 863, 491, 864, 218, 63, 355, 865},
{0, 0, 0, 0, 0, 0, 0, 866, 95, 867, 868, 7, 12, 869, 870, 871, 872, 873, 874, 875},
{0, 0, 0, 0, 0, 0, 0, 0, 0, 0, 0, 0, 0, 331, 178, 75, 876, 23, 7, 877},
{0, 0, 0, 0, 0, 97, 247, 191, 41, 878, 879, 41, 267, 24, 268, 219, 247, 880, 332, 7},
{0, 0, 0, 0, 0, 0, 0, 0, 0, 0, 0, 0, 0, 354, 881, 882, 177, 11, 2, 133},
{0, 0, 0, 0, 269, 98, 492, 883, 99, 100, 101, 1, 41, 20, 22, 102, 1, 1, 124, 493},
{0, 0, 0, 0, 269, 98, 884, 885, 99, 100, 101, 1, 41, 20, 22, 102, 1, 1, 124, 886},
{0, 0, 0, 0, 269, 98, 887, 888, 99, 100, 101, 1, 41, 20, 22, 102, 1, 1, 124, 494},
{0, 0, 0, 0, 0, 269, 98, 495, 99, 100, 101, 1, 41, 179, 22, 102, 1, 1, 124, 494},
{0, 0, 0, 0, 192, 98, 889, 890, 99, 100, 101, 1, 41, 20, 22, 102, 1, 1, 124, 493},
{0, 0, 0, 0, 192, 98, 891, 892, 99, 100, 101, 1, 41, 20, 22, 102, 1, 1, 124, 893},
{0, 0, 0, 0, 0, 192, 98, 492, 894, 99, 100, 101, 1, 41, 20, 22, 102, 1, 1, 124},
{0, 0, 0, 0, 0, 192, 98, 895, 896, 99, 100, 101, 1, 41, 20, 22, 102, 1, 1, 124},
{0, 0, 0, 0, 0, 192, 98, 495, 99, 100, 101, 1, 41, 20, 22, 102, 1, 1, 124, 897},
{0, 0, 0, 0, 0, 192, 98, 898, 899, 99, 100, 101, 1, 41, 20, 22, 102, 1, 1, 900},
{0, 0, 0, 0, 0, 0, 0, 0, 0, 0, 0, 0, 0, 0, 3, 103, 86, 901, 337, 902},
{0, 0, 0, 0, 0, 0, 0, 0, 0, 0, 0, 0, 903, 904, 905, 3, 496, 497, 86, 906},
{0, 0, 0, 0, 0, 0, 0, 0, 356, 907, 141, 908, 17, 498, 909, 3, 910, 142, 86, 19},
{0, 0, 0, 0, 0, 0, 0, 0, 0, 0, 0, 0, 0, 357, 86, 911, 912, 499, 913, 2},
{0, 0, 0, 0, 0, 0, 0, 0, 0, 0, 914, 915, 220, 500, 916, 86, 19, 270, 76, 337},
{0, 0, 0, 0, 0, 0, 0, 0, 0, 12, 86, 19, 917, 86, 918, 919, 221, 920, 921, 922},
{0, 0, 0, 0, 0, 0, 0, 0, 923, 501, 222, 924, 12, 223, 103, 925, 926, 86, 19, 163},
{0, 0, 0, 0, 0, 0, 0, 0, 502, 358, 927, 120, 86, 19, 193, 223, 928, 929, 930, 271},
{0, 0, 0, 0, 0, 0, 125, 931, 10, 932, 31, 933, 934, 935, 936, 86, 19, 7, 937, 503},
{0, 0, 0, 0, 0, 0, 0, 0, 0, 0, 12, 5, 938, 164, 500, 86, 19, 64, 10, 939},
{0, 0, 0, 0, 0, 0, 0, 0, 0, 0, 0, 0, 0, 0, 0, 0, 0, 330, 65, 143},
{0, 0, 0, 0, 0, 0, 0, 0, 0, 0, 0, 0, 0, 0, 0, 0, 64, 160, 143, 2},
{0, 0, 0, 0, 0, 0, 0, 0, 0, 0, 0, 272, 940, 64, 16, 941, 359, 360, 359, 942},
{0, 0, 0, 0, 0, 0, 0, 0, 0, 0, 0, 0, 0, 0, 0, 0, 943, 56, 273, 944},
{0, 0, 0, 0, 0, 0, 0, 0, 0, 0, 0, 0, 458, 143, 254, 13, 15, 504, 945, 946},
{0, 0, 0, 0, 0, 0, 0, 0, 0, 0, 0, 136, 947, 361, 6, 143, 2, 4, 362, 948},
{0, 0, 0, 0, 0, 0, 0, 0, 0, 0, 0, 363, 187, 481, 949, 143, 950, 333, 67, 216},
{0, 0, 0, 0, 0, 0, 0, 0, 0, 0, 0, 0, 0, 0, 0, 0, 134, 951, 65, 143},
{0, 0, 0, 0, 0, 0, 0, 0, 0, 0, 0, 0, 136, 165, 274, 497, 143, 2, 364, 505},
{0, 0, 0, 0, 0, 0, 952, 953, 506, 104, 507, 18, 10, 954, 18, 82, 35, 65, 365, 17},
{0, 0, 0, 0, 366, 955, 224, 275, 62, 956, 104, 16, 508, 166, 957, 21, 16, 958, 340, 959},
{0, 0, 0, 0, 0, 0, 0, 960, 144, 84, 473, 259, 3, 16, 104, 509, 961, 962, 367, 963},
{0, 0, 0, 0, 0, 0, 0, 0, 0, 0, 0, 0, 0, 0, 0, 76, 453, 210, 166, 104},
{0, 0, 0, 0, 0, 0, 0, 0, 0, 0, 0, 0, 0, 0, 0, 0, 210, 104, 964, 2},
{0, 0, 0, 0, 0, 0, 0, 0, 0, 0, 0, 0, 26, 368, 225, 1, 17, 368, 104, 2},
{0, 0, 0, 0, 0, 0, 0, 0, 0, 0, 0, 0, 0, 0, 74, 965, 104, 966, 2, 967},
{0, 0, 0, 0, 0, 0, 0, 0, 0, 0, 0, 0, 0, 0, 6, 968, 510, 137, 23, 4},
{0, 0, 0, 0, 0, 0, 0, 0, 126, 511, 969, 970, 158, 104, 84, 6, 104, 971, 509, 2},
{0, 0, 0, 0, 0, 0, 0, 0, 0, 0, 0, 0, 0, 136, 78, 104, 972, 345, 2, 369},
{0, 0, 0, 0, 0, 0, 0, 0, 0, 0, 276, 54, 226, 2, 105, 106, 68, 17, 122, 11},
{0, 0, 0, 0, 0, 0, 0, 0, 0, 0, 85, 973, 974, 975, 512, 513, 514, 105, 106, 68},
{0, 0, 0, 0, 0, 0, 0, 976, 977, 185, 978, 512, 513, 514, 468, 105, 106, 68, 107, 221},
{0, 0, 0, 0, 0, 0, 0, 0, 0, 0, 0, 0, 26, 2, 979, 105, 106, 68, 107, 221},
{0, 0, 0, 0, 0, 0, 0, 227, 18, 276, 54, 105, 106, 68, 107, 221, 24, 515, 156, 122},
{0, 0, 0, 0, 0, 0, 0, 0, 0, 0, 0, 482, 355, 370, 127, 228, 34, 105, 106, 68},
{0, 0, 0, 0, 0, 0, 0, 0, 0, 980, 277, 981, 278, 44, 4, 227, 18, 105, 106, 68},
{0, 0, 0, 0, 0, 0, 0, 0, 0, 0, 0, 0, 44, 122, 371, 194, 276, 105, 106, 68},
{0, 0, 0, 0, 0, 0, 0, 0, 0, 0, 982, 516, 517, 145, 56, 23, 54, 105, 106, 68},
{0, 0, 0, 0, 0, 0, 0, 0, 0, 276, 54, 24, 372, 518, 21, 105, 106, 68, 107, 221},
{0, 0, 0, 0, 0, 0, 0, 0, 0, 0, 0, 0, 31, 13, 983, 87, 519, 984, 985, 986},
{0, 0, 0, 0, 0, 0, 0, 0, 0, 0, 0, 0, 0, 0, 987, 520, 4, 988, 87, 989},
{0, 0, 0, 0, 0, 0, 0, 0, 0, 87, 990, 279, 18, 223, 521, 87, 44, 522, 43, 1},
{0, 0, 0, 0, 0, 0, 0, 0, 0, 991, 96, 521, 87, 44, 522, 43, 1, 992, 993, 994},
{0, 0, 0, 0, 0, 0, 0, 0, 0, 0, 373, 995, 996, 997, 998, 156, 374, 999, 1000, 280},
{0, 0, 0, 0, 0, 0, 0, 1001, 523, 1002, 87, 524, 525, 1003, 44, 526, 125, 182, 281, 527},
{0, 0, 0, 0, 0, 0, 0, 0, 0, 0, 0, 0, 0, 528, 20, 52, 24, 87, 15, 529},
{0, 0, 0, 0, 0, 0, 0, 0, 0, 87, 530, 531, 1004, 3, 137, 1005, 87, 530, 531, 183},
{0, 0, 0, 0, 0, 0, 0, 0, 0, 163, 145, 1006, 87, 25, 163, 1007, 126, 532, 282, 25},
{0, 0, 0, 0, 0, 0, 0, 0, 0, 0, 1008, 1009, 533, 1010, 2, 87, 534, 23, 1011, 145},
{0, 0, 0, 0, 0, 0, 0, 0, 0, 0, 91, 146, 535, 57, 13, 88, 108, 156, 146, 280},
{0, 0, 0, 0, 0, 0, 0, 283, 17, 1012, 3, 275, 62, 375, 536, 1013, 1014, 88, 108, 1015},
{0, 0, 0, 0, 0, 376, 1016, 10, 1017, 1018, 88, 108, 195, 195, 15, 4, 96, 326, 1019, 1020},
{0, 0, 0, 0, 0, 0, 0, 88, 108, 166, 219, 1021, 1022, 123, 1023, 1024, 144, 193, 1025, 1026},
{0, 0, 0, 0, 0, 0, 0, 1027, 26, 1028, 141, 49, 10, 537, 88, 108, 1029, 538, 1030, 1031},
{0, 0, 0, 0, 0, 377, 1032, 88, 108, 3, 257, 146, 125, 10, 219, 1033, 1034, 1035, 539, 511},
{0, 0, 0, 0, 0, 0, 0, 0, 0, 0, 0, 1036, 88, 108, 1037, 3, 13, 1038, 189, 164},
{0, 0, 0, 0, 0, 0, 0, 0, 0, 0, 0, 0, 540, 88, 108, 1039, 1040, 223, 3, 1041},
{0, 0, 0, 0, 0, 0, 0, 3, 1042, 541, 542, 1, 1043, 516, 1044, 1045, 543, 1046, 88, 108},
{0, 0, 0, 0, 0, 0, 0, 0, 0, 0, 0, 0, 0, 1047, 24, 1048, 539, 88, 108, 349},
{0, 0, 0, 0, 0, 0, 209, 1049, 544, 545, 544, 545, 84, 378, 1050, 1051, 32, 109, 546, 1052},
{0, 0, 0, 0, 0, 0, 0, 0, 0, 0, 0, 0, 0, 1053, 3, 32, 109, 135, 62, 1054},
{0, 0, 0, 0, 0, 0, 0, 0, 0, 0, 0, 229, 541, 10, 32, 109, 43, 547, 548, 1055},
{0, 0, 0, 0, 0, 0, 0, 0, 0, 0, 0, 7, 266, 10, 190, 32, 109, 15, 4, 339},
{0, 0, 0, 0, 0, 0, 0, 0, 0, 32, 109, 1056, 371, 379, 549, 1057, 546, 83, 1058, 1059},
{0, 0, 0, 0, 0, 0, 0, 550, 217, 74, 23, 1060, 32, 109, 1061, 380, 1062, 551, 1063, 1064},
{0, 0, 0, 0, 0, 26, 122, 552, 54, 79, 1065, 1066, 9, 49, 18, 31, 1067, 32, 109, 553},
{0, 0, 0, 0, 0, 0, 0, 0, 0, 0, 0, 0, 55, 32, 109, 1068, 12, 35, 57, 322},
{0, 0, 0, 0, 0, 0, 82, 547, 548, 55, 230, 1069, 381, 32, 109, 550, 217, 554, 72, 24},
{0, 0, 0, 0, 0, 0, 555, 84, 63, 555, 32, 109, 1070, 1071, 1072, 1073, 382, 1074, 254, 67},
{0, 0, 0, 0, 0, 0, 0, 0, 0, 32, 45, 231, 1075, 333, 30, 196, 1076, 35, 197, 77},
{0, 0, 0, 0, 0, 0, 0, 0, 0, 0, 0, 0, 3, 127, 246, 1077, 1078, 1079, 32, 45},
{0, 0, 0, 0, 0, 0, 1080, 556, 1081, 185, 383, 1082, 384, 557, 3, 558, 32, 45, 1083, 1084},
{0, 0, 0, 0, 0, 0, 0, 0, 0, 0, 0, 0, 0, 0, 559, 560, 232, 561, 284, 32},
{0, 0, 0, 0, 0, 0, 560, 383, 562, 52, 563, 12, 564, 1085, 32, 45, 284, 562, 528, 1086},
{0, 0, 0, 0, 49, 480, 185, 95, 3, 565, 1087, 563, 127, 95, 384, 141, 1088, 32, 45, 462},
{0, 0, 0, 0, 0, 1089, 239, 1090, 32, 45, 231, 264, 167, 26, 258, 566, 285, 2, 1091, 1092},
{0, 0, 0, 0, 0, 0, 0, 0, 0, 0, 0, 1093, 383, 556, 284, 210, 233, 1094, 32, 1095},
{0, 0, 0, 0, 0, 0, 0, 0, 0, 0, 0, 32, 45, 3, 1096, 567, 385, 140, 568, 256},
{0, 0, 0, 0, 0, 0, 386, 272, 1097, 1098, 10, 32, 45, 1099, 387, 74, 264, 167, 67, 196},
{0, 0, 0, 0, 0, 0, 257, 25, 147, 13, 1100, 569, 1101, 570, 25, 147, 30, 13, 1102, 1103},
{0, 0, 0, 0, 0, 0, 0, 0, 0, 0, 0, 571, 25, 147, 1104, 67, 271, 572, 266, 66},
{0, 0, 0, 0, 0, 0, 0, 168, 2, 25, 135, 62, 1105, 161, 169, 573, 25, 25, 25, 155},
{0, 0, 0, 0, 0, 0, 0, 0, 0, 0, 0, 0, 0, 0, 0, 2, 17, 74, 25, 147},
{0, 0, 0, 0, 0, 0, 0, 0, 0, 0, 0, 0, 0, 388, 1106, 1107, 25, 147, 278, 2},
{0, 0, 0, 0, 0, 0, 0, 0, 0, 0, 0, 0, 0, 84, 64, 25, 147, 1108, 1109, 15},
{0, 0, 0, 0, 0, 0, 0, 0, 0, 0, 0, 155, 25, 147, 25, 389, 1110, 210, 183, 44},
{0, 0, 0, 0, 0, 0, 0, 0, 0, 1111, 155, 574, 25, 155, 575, 286, 25, 21, 259, 145},
{0, 0, 0, 0, 0, 0, 0, 158, 576, 1112, 1113, 25, 147, 21, 166, 63, 256, 1114, 1115, 1116},
{0, 0, 0, 0, 0, 0, 0, 0, 0, 0, 0, 0, 25, 135, 62, 169, 1117, 18, 67, 577},
{0, 0, 0, 0, 0, 0, 0, 0, 0, 0, 238, 20, 128, 459, 35, 12, 1, 287, 1118, 1119},
{0, 0, 0, 0, 0, 0, 0, 0, 0, 0, 1120, 15, 170, 126, 288, 334, 171, 128, 565, 1121},
{0, 0, 0, 0, 0, 0, 0, 0, 0, 168, 1122, 172, 382, 128, 207, 1123, 66, 1124, 1125, 162},
{0, 0, 0, 0, 0, 0, 0, 0, 0, 0, 0, 1126, 2, 64, 1127, 1128, 390, 78, 1129, 1130},
{0, 0, 0, 0, 0, 0, 0, 0, 0, 1131, 15, 193, 377, 1132, 1133, 128, 194, 15, 1134, 1135},
{0, 0, 0, 0, 0, 0, 0, 0, 0, 0, 0, 0, 56, 1136, 56, 21, 1137, 289, 128, 44},
{0, 0, 0, 0, 0, 0, 0, 0, 0, 0, 0, 0, 0, 0, 578, 579, 128, 3, 380, 505},
{0, 0, 0, 0, 0, 0, 0, 0, 0, 0, 0, 1138, 128, 234, 4, 1139, 580, 234, 156, 148},
{0, 0, 0, 0, 0, 0, 0, 0, 1140, 1141, 82, 1142, 182, 128, 247, 24, 181, 1143, 1144, 55},
{0, 0, 0, 581, 288, 11, 581, 55, 9, 128, 1145, 7, 329, 198, 146, 123, 290, 1146, 120, 1147},
{0, 0, 0, 0, 0, 0, 0, 0, 0, 0, 144, 6, 5, 36, 2, 13, 6, 17, 331, 341},
{0, 0, 0, 0, 0, 0, 0, 0, 1148, 1149, 7, 199, 5, 36, 80, 3, 16, 7, 54, 1150},
{0, 0, 0, 0, 0, 0, 0, 0, 0, 1151, 240, 214, 1152, 83, 143, 1153, 227, 24, 5, 36},
{0, 0, 0, 0, 0, 0, 0, 0, 0, 0, 0, 0, 52, 69, 5, 36, 15, 4, 6, 198},
{0, 0, 0, 0, 0, 0, 0, 0, 0, 0, 0, 0, 6, 5, 36, 80, 582, 520, 41, 1154},
{0, 0, 0, 0, 0, 0, 0, 0, 0, 1155, 1156, 1157, 5, 36, 1158, 286, 97, 1159, 194, 503},
{0, 0, 0, 0, 0, 0, 0, 0, 0, 0, 1160, 583, 584, 517, 344, 1161, 290, 554, 5, 120},
{0, 0, 0, 0, 0, 0, 0, 0, 0, 0, 283, 5, 36, 1162, 169, 140, 84, 6, 140, 3},
{0, 0, 0, 0, 0, 0, 0, 291, 191, 138, 1163, 1164, 91, 199, 1165, 5, 36, 80, 1166, 6},
{0, 0, 0, 0, 0, 0, 0, 0, 0, 0, 0, 1167, 5, 36, 582, 135, 62, 1168, 97, 1169},
{0, 0, 0, 0, 0, 0, 0, 0, 0, 0, 187, 1170, 133, 1171, 1172, 5, 36, 80, 2, 1173},
{0, 0, 0, 0, 0, 0, 0, 0, 0, 0, 585, 291, 199, 5, 36, 80, 97, 372, 1174, 586},
{0, 0, 0, 0, 0, 0, 0, 0, 248, 1175, 356, 1176, 1177, 12, 1, 1178, 136, 5, 36, 80},
{0, 0, 0, 0, 0, 0, 0, 0, 0, 0, 0, 0, 199, 5, 36, 1179, 129, 1180, 391, 392},
{0, 0, 0, 0, 0, 0, 0, 0, 199, 5, 36, 80, 214, 1181, 97, 212, 1182, 1183, 6, 1184},
{0, 0, 0, 0, 0, 0, 0, 0, 0, 0, 0, 0, 1185, 140, 3, 5, 36, 80, 21, 1186},
{0, 0, 0, 0, 0, 0, 0, 0, 0, 0, 0, 1187, 585, 291, 199, 5, 36, 80, 97, 372},
{0, 0, 0, 0, 0, 0, 0, 1188, 138, 93, 392, 1189, 1190, 21, 291, 138, 5, 36, 80, 1191},
{0, 0, 0, 0, 0, 0, 0, 0, 0, 0, 367, 5, 36, 80, 1192, 13, 232, 344, 123, 1193},
{0, 0, 0, 0, 0, 0, 0, 0, 0, 0, 0, 0, 0, 0, 0, 5, 36, 80, 97, 361},
{0, 0, 0, 0, 0, 0, 0, 200, 292, 5, 58, 70, 587, 588, 85, 589, 22, 590, 1194, 94},
{0, 0, 0, 0, 0, 0, 0, 1195, 591, 5, 58, 70, 1196, 85, 293, 22, 393, 1197, 58, 1198},
{0, 0, 0, 0, 0, 0, 0, 0, 0, 5, 58, 70, 85, 394, 22, 5, 58, 200, 592, 1199},
{0, 0, 0, 0, 0, 0, 0, 0, 5, 58, 70, 395, 85, 293, 22, 5, 593, 594, 595, 27},
{0, 0, 0, 0, 0, 0, 0, 0, 200, 70, 5, 58, 70, 85, 394, 22, 5, 58, 200, 592},
{0, 0, 0, 0, 0, 0, 200, 70, 5, 58, 70, 395, 343, 394, 22, 1200, 58, 1201, 1202, 1203},
{0, 0, 0, 0, 0, 0, 0, 0, 200, 70, 5, 58, 70, 395, 85, 293, 22, 5, 593, 594},
{0, 0, 0, 0, 0, 0, 0, 0, 0, 18, 5, 58, 70, 1204, 532, 67, 1205, 456, 58, 292},
{0, 0, 0, 0, 0, 0, 0, 0, 0, 18, 5, 58, 70, 587, 588, 85, 589, 22, 590, 292},
{0, 0, 0, 0, 0, 0, 0, 0, 18, 5, 58, 70, 1206, 1207, 85, 1208, 22, 1209, 1210, 292},
{0, 0, 0, 0, 0, 0, 0, 0, 0, 0, 0, 396, 1211, 8, 37, 596, 53, 201, 149, 44},
{0, 0, 0, 0, 0, 0, 0, 0, 37, 1212, 53, 1213, 183, 1214, 597, 353, 326, 52, 397, 21},
{0, 0, 0, 0, 37, 64, 53, 201, 149, 1215, 294, 1216, 1217, 598, 398, 235, 1218, 1219, 1220, 470},
{0, 0, 0, 0, 0, 0, 0, 37, 64, 386, 599, 149, 294, 399, 6, 600, 235, 1, 139, 400},
{0, 0, 0, 0, 0, 0, 0, 350, 387, 1221, 1222, 1223, 1224, 170, 95, 53, 1225, 37, 31, 401},
{0, 0, 0, 0, 0, 0, 0, 8, 37, 64, 386, 599, 149, 294, 399, 6, 600, 235, 1, 261},
{0, 0, 0, 0, 0, 0, 0, 0, 0, 398, 402, 1226, 37, 403, 53, 149, 4, 139, 226, 4},
{0, 0, 0, 0, 0, 1227, 26, 1228, 295, 1229, 1230, 11, 37, 1231, 161, 601, 1232, 1233, 1234, 1235},
{0, 0, 0, 0, 0, 0, 0, 0, 0, 0, 0, 0, 0, 37, 1236, 404, 1237, 163, 13, 1238},
{0, 0, 0, 0, 0, 0, 0, 0, 0, 0, 0, 0, 37, 403, 53, 149, 4, 139, 226, 4},
{0, 0, 0, 0, 37, 1239, 228, 602, 53, 212, 139, 226, 4, 53, 1240, 1241, 228, 603, 1242, 1243},
{0, 0, 0, 0, 0, 0, 0, 0, 0, 0, 1244, 55, 198, 37, 405, 53, 1245, 4, 398, 235},
{0, 0, 0, 0, 0, 0, 0, 0, 0, 559, 37, 596, 53, 201, 149, 294, 285, 18, 1246, 193},
{0, 0, 0, 0, 0, 0, 0, 0, 0, 8, 8, 604, 277, 605, 406, 606, 607, 37, 608, 11},
{0, 0, 0, 0, 0, 0, 0, 0, 0, 0, 0, 8, 37, 403, 53, 149, 4, 139, 226, 4},
{0, 0, 0, 0, 0, 0, 0, 0, 0, 8, 604, 277, 605, 406, 606, 607, 37, 608, 11, 252},
{0, 0, 0, 0, 0, 0, 0, 0, 0, 0, 0, 0, 0, 0, 609, 1247, 1248, 65, 37, 1249},
{0, 0, 0, 0, 0, 0, 0, 1250, 526, 296, 18, 64, 37, 1251, 182, 13, 12, 401, 227, 610},
{0, 0, 0, 0, 0, 0, 0, 0, 0, 0, 0, 73, 148, 1252, 346, 407, 46, 47, 35, 15},
{0, 0, 0, 0, 0, 0, 575, 165, 64, 367, 611, 255, 46, 47, 255, 6, 1253, 236, 67, 1254},
{0, 0, 0, 0, 0, 0, 0, 0, 46, 47, 3, 74, 1255, 1256, 21, 408, 611, 46, 407, 1257},
{0, 0, 0, 0, 0, 0, 0, 0, 148, 1258, 407, 17, 278, 78, 400, 46, 47, 49, 233, 1259},
{0, 0, 0, 0, 0, 0, 0, 0, 0, 8, 612, 1260, 235, 613, 46, 47, 103, 69, 54, 11},
{0, 0, 0, 0, 8, 350, 1261, 31, 93, 1262, 8, 46, 47, 1263, 1264, 614, 1265, 615, 477, 163},
{0, 0, 0, 0, 0, 0, 0, 8, 246, 46, 47, 1266, 17, 405, 616, 1267, 166, 4, 1268, 1269},
{0, 0, 0, 0, 0, 0, 0, 8, 603, 34, 1270, 54, 72, 1271, 9, 1272, 612, 1273, 46, 47},
{0, 0, 0, 0, 0, 0, 0, 0, 0, 0, 0, 0, 243, 1274, 334, 26, 404, 46, 47, 163},
{0, 0, 0, 0, 0, 0, 0, 0, 0, 0, 0, 0, 46, 47, 255, 35, 15, 252, 396, 1275},
{0, 0, 0, 0, 0, 0, 0, 155, 574, 617, 572, 9, 46, 47, 618, 1276, 16, 172, 229, 1277},
{0, 0, 0, 0, 0, 0, 0, 0, 0, 0, 26, 20, 404, 11, 13, 566, 1278, 1279, 46, 47},
{0, 0, 0, 0, 0, 0, 0, 55, 171, 52, 227, 18, 15, 324, 408, 46, 47, 35, 35, 352},
{0, 0, 0, 0, 0, 0, 0, 1280, 57, 1281, 46, 47, 103, 597, 31, 142, 619, 1282, 1283, 1284},
{0, 0, 0, 0, 8, 1285, 281, 409, 1286, 273, 297, 46, 47, 103, 1287, 602, 167, 1288, 1289, 31},
{0, 0, 0, 0, 0, 0, 0, 0, 0, 0, 4, 620, 408, 297, 46, 47, 208, 110, 52, 410},
{0, 0, 0, 0, 0, 0, 0, 0, 0, 256, 28, 1290, 272, 1291, 341, 1292, 1293, 621, 558, 11},
{0, 0, 0, 0, 0, 0, 0, 0, 0, 0, 0, 396, 7, 28, 461, 11, 181, 1294, 1295, 164},
{0, 0, 0, 0, 0, 0, 0, 0, 0, 0, 0, 0, 0, 0, 0, 1296, 202, 28, 2, 137},
{0, 0, 0, 0, 0, 0, 0, 0, 0, 0, 0, 0, 0, 0, 0, 0, 0, 622, 28, 9},
{0, 0, 0, 0, 0, 0, 623, 8, 28, 411, 412, 146, 413, 414, 28, 415, 416, 267, 237, 624},
{0, 0, 0, 0, 0, 0, 0, 0, 0, 0, 0, 0, 625, 1297, 1298, 351, 21, 28, 23, 417},
{0, 0, 0, 0, 0, 0, 0, 623, 8, 28, 411, 412, 146, 413, 414, 28, 415, 416, 267, 237},
{0, 0, 0, 0, 0, 0, 0, 0, 0, 0, 0, 376, 6, 2, 626, 627, 28, 17, 418, 1299},
{0, 0, 0, 0, 0, 28, 411, 412, 146, 413, 414, 28, 415, 416, 267, 237, 178, 8, 1300, 624},
{0, 0, 0, 0, 0, 0, 0, 0, 0, 1301, 1302, 148, 1303, 54, 195, 1304, 1305, 28, 298, 1},
{0, 0, 0, 0, 0, 0, 0, 0, 0, 0, 8, 179, 21, 193, 2, 28, 43, 318, 34, 1306},
{0, 0, 0, 0, 0, 0, 0, 0, 0, 1307, 595, 561, 9, 1308, 28, 363, 369, 571, 628, 1309},
{0, 0, 0, 0, 0, 356, 167, 418, 103, 28, 187, 17, 21, 93, 165, 110, 77, 2, 1310, 629},
{0, 0, 0, 0, 0, 28, 280, 630, 359, 1311, 631, 9, 1312, 82, 463, 1313, 419, 1314, 1315, 1316},
{0, 0, 0, 0, 0, 0, 0, 0, 0, 0, 0, 28, 318, 2, 110, 17, 35, 1317, 244, 120},
{0, 0, 0, 0, 0, 0, 1318, 9, 1319, 1320, 1321, 1322, 1323, 1324, 28, 43, 15, 148, 1325, 73},
{0, 0, 0, 0, 0, 0, 0, 0, 0, 0, 0, 0, 1326, 202, 28, 165, 418, 73, 2, 1327},
{0, 0, 0, 0, 0, 0, 1328, 1329, 28, 203, 2, 1330, 61, 75, 93, 1331, 110, 17, 1332, 1333},
{0, 0, 0, 0, 0, 0, 0, 0, 0, 0, 0, 91, 1334, 89, 1335, 1336, 1337, 1338, 286, 1339},
{0, 0, 0, 0, 0, 0, 0, 0, 0, 0, 0, 1340, 1341, 4, 52, 17, 1342, 44, 89, 130},
{0, 0, 0, 0, 0, 0, 0, 1343, 249, 123, 632, 89, 130, 364, 1344, 1345, 1346, 1347, 540, 1348},
{0, 0, 0, 0, 0, 0, 0, 0, 0, 0, 0, 1349, 138, 616, 89, 130, 1350, 466, 1, 16},
{0, 0, 0, 0, 0, 0, 0, 0, 0, 0, 0, 0, 0, 89, 130, 1351, 345, 44, 379, 140},
{0, 0, 0, 0, 0, 0, 0, 0, 1352, 1353, 1354, 299, 195, 1355, 1356, 633, 1, 89, 130, 166},
{0, 0, 0, 0, 0, 0, 0, 0, 0, 0, 0, 0, 73, 148, 89, 130, 1357, 110, 1358, 15},
{0, 0, 0, 0, 0, 0, 634, 3, 502, 635, 1359, 89, 130, 197, 215, 197, 215, 1360, 634, 1361},
{0, 0, 0, 0, 0, 0, 0, 0, 0, 0, 0, 0, 0, 0, 0, 0, 282, 67, 89, 130},
{0, 0, 0, 0, 0, 0, 0, 636, 144, 628, 4, 1362, 2, 89, 130, 576, 637, 4, 55, 171},
{0, 0, 0, 0, 0, 38, 19, 638, 1363, 220, 240, 639, 83, 420, 1364, 640, 1365, 222, 236, 484},
{0, 0, 0, 0, 0, 0, 0, 0, 0, 0, 1366, 641, 2, 148, 110, 13, 483, 38, 19, 1367},
{0, 0, 0, 0, 0, 0, 1368, 421, 270, 1369, 13, 1370, 1371, 43, 164, 38, 19, 63, 1372, 1373},
{0, 0, 0, 0, 0, 0, 0, 0, 0, 0, 0, 0, 103, 38, 19, 63, 1374, 289, 1375, 3},
{0, 0, 0, 0, 0, 0, 0, 0, 1376, 642, 38, 19, 25, 270, 1377, 10, 1378, 1, 1379, 1380},
{0, 0, 0, 0, 0, 0, 0, 49, 239, 52, 168, 271, 643, 1381, 38, 126, 297, 1382, 1383, 1384},
{0, 0, 0, 0, 0, 0, 0, 1385, 632, 1386, 1387, 644, 1388, 214, 38, 19, 638, 237, 422, 518},
{0, 0, 0, 0, 0, 0, 1389, 1390, 644, 107, 38, 19, 423, 1391, 3, 1392, 1393, 1394, 1395, 251},
{0, 0, 0, 0, 0, 0, 454, 1, 1396, 38, 19, 499, 1397, 1398, 645, 1399, 1400, 160, 214, 23},
{0, 0, 0, 0, 0, 0, 0, 0, 641, 325, 83, 420, 266, 1401, 3, 137, 346, 38, 19, 1402},
{0, 0, 156, 1, 498, 645, 424, 1403, 1404, 1405, 1406, 19, 204, 38, 19, 85, 20, 538, 1407, 90},
{0, 0, 0, 0, 0, 0, 0, 1408, 18, 297, 20, 145, 135, 62, 320, 204, 38, 19, 23, 1409},
{0, 0, 0, 0, 0, 0, 285, 204, 38, 19, 1410, 9, 371, 1411, 379, 549, 646, 647, 1412, 1413},
{0, 0, 0, 0, 0, 0, 0, 0, 648, 649, 650, 651, 652, 81, 338, 423, 38, 19, 236, 91},
{0, 0, 0, 0, 0, 0, 0, 0, 0, 648, 649, 650, 651, 652, 81, 338, 423, 38, 236, 91},
{0, 0, 0, 0, 0, 0, 0, 0, 1414, 1415, 1416, 107, 647, 1417, 204, 38, 19, 1418, 23, 653},
{0, 0, 0, 0, 0, 0, 0, 0, 0, 0, 1419, 506, 13, 21, 183, 65, 425, 75, 38, 19},
{0, 0, 0, 0, 0, 0, 0, 0, 74, 455, 1420, 220, 204, 38, 19, 222, 2, 283, 136, 1421},
{0, 0, 0, 0, 0, 0, 0, 654, 204, 38, 19, 653, 179, 23, 220, 222, 1422, 388, 285, 75},
{0, 0, 0, 0, 0, 0, 0, 0, 260, 426, 655, 1423, 13, 1424, 300, 111, 131, 421, 25, 205},
{0, 0, 0, 0, 0, 0, 0, 0, 0, 0, 0, 0, 0, 12, 35, 1425, 64, 7, 111, 131},
{0, 0, 0, 0, 0, 0, 0, 0, 0, 111, 131, 17, 1426, 300, 1427, 409, 77, 31, 196, 1428},
{0, 0, 0, 0, 111, 131, 656, 262, 601, 30, 196, 1429, 657, 1430, 614, 77, 30, 1431, 657, 173},
{0, 0, 0, 0, 0, 0, 0, 0, 0, 0, 0, 0, 0, 0, 111, 131, 658, 658, 31, 1432},
{170, 49, 111, 131, 1433, 1434, 262, 1435, 1436, 12, 35, 93, 659, 471, 181, 660, 427, 1437, 1438, 9},
{0, 0, 0, 0, 0, 0, 0, 0, 0, 0, 335, 187, 111, 131, 17, 1439, 1440, 353, 659, 661},
{0, 0, 0, 0, 0, 0, 0, 0, 1441, 427, 662, 663, 61, 273, 535, 31, 73, 428, 111, 131},
{0, 0, 0, 0, 0, 0, 0, 0, 0, 0, 0, 0, 111, 131, 30, 63, 662, 68, 173, 664},
{0, 0, 0, 0, 0, 0, 661, 1442, 1443, 665, 157, 31, 63, 68, 429, 111, 663, 583, 281, 93},
{0, 0, 0, 0, 0, 0, 0, 0, 0, 0, 0, 0, 0, 0, 0, 82, 174, 30, 126, 1444},
{0, 0, 0, 0, 0, 0, 0, 0, 0, 1445, 13, 1, 134, 31, 174, 134, 12, 1446, 174, 1447},
{0, 0, 0, 0, 0, 0, 0, 0, 0, 12, 1, 1448, 1449, 1450, 629, 174, 1451, 79, 1452, 388},
{0, 0, 0, 0, 0, 0, 2, 1453, 1454, 129, 1455, 16, 1456, 11, 1457, 120, 20, 129, 1458, 656},
{0, 0, 0, 0, 0, 0, 0, 0, 0, 0, 150, 1459, 430, 1460, 1461, 3, 3, 419, 1462, 174},
{0, 0, 0, 0, 0, 0, 0, 0, 0, 1463, 1464, 1465, 1466, 72, 174, 665, 431, 35, 24, 160},
{0, 0, 0, 0, 0, 0, 0, 0, 0, 0, 1467, 1468, 61, 666, 667, 30, 668, 666, 174, 432},
{0, 0, 0, 0, 0, 0, 0, 12, 1, 168, 1469, 669, 1470, 1471, 1472, 1473, 1474, 1475, 667, 382},
{0, 0, 0, 0, 0, 0, 0, 0, 0, 287, 202, 168, 1476, 30, 56, 197, 1477, 12, 1478, 103},
{0, 0, 0, 0, 0, 0, 0, 0, 0, 0, 190, 18, 95, 18, 669, 1479, 30, 63, 57, 432},
{0, 0, 0, 0, 0, 0, 0, 0, 0, 0, 0, 0, 0, 0, 31, 274, 112, 57, 12, 13},
{0, 0, 0, 0, 0, 0, 0, 0, 0, 0, 0, 112, 57, 191, 426, 241, 670, 1480, 283, 1481},
{0, 0, 0, 0, 0, 0, 0, 0, 0, 0, 12, 177, 112, 57, 1482, 580, 74, 180, 142, 1483},
{0, 0, 0, 0, 0, 0, 0, 0, 0, 0, 0, 430, 10, 1484, 12, 425, 83, 13, 112, 57},
{0, 0, 0, 0, 0, 0, 0, 0, 0, 0, 0, 0, 1485, 433, 1486, 1487, 1488, 10, 112, 57},
{0, 0, 0, 0, 0, 0, 0, 0, 0, 0, 0, 0, 0, 0, 0, 0, 112, 57, 420, 150},
{0, 0, 0, 0, 0, 0, 0, 0, 112, 57, 626, 1489, 475, 1490, 1491, 286, 1492, 1493, 1494, 222},
{0, 0, 0, 0, 0, 0, 0, 1495, 205, 66, 134, 434, 1496, 6, 627, 1497, 24, 578, 112, 57},
{0, 0, 0, 0, 0, 0, 0, 0, 0, 0, 0, 0, 0, 0, 1498, 369, 30, 1499, 112, 57},
{0, 0, 0, 0, 0, 0, 0, 0, 0, 0, 0, 0, 434, 112, 57, 1500, 671, 133, 643, 1501},
{0, 0, 0, 0, 0, 170, 672, 39, 33, 515, 1502, 243, 301, 363, 1503, 1504, 4, 1505, 290, 4},
{0, 0, 0, 0, 0, 0, 0, 0, 0, 76, 673, 1506, 393, 557, 208, 1507, 77, 2, 39, 1508},
{0, 0, 0, 0, 0, 0, 39, 33, 290, 1509, 1, 178, 77, 1510, 1511, 142, 537, 674, 1512, 1513},
{0, 0, 0, 0, 0, 0, 0, 39, 33, 435, 510, 30, 126, 157, 577, 1514, 1515, 1516, 167, 1517},
{0, 0, 0, 0, 0, 0, 0, 0, 0, 0, 478, 39, 33, 56, 1518, 31, 263, 1519, 1520, 1521},
{0, 0, 0, 0, 0, 0, 0, 0, 0, 0, 0, 0, 0, 0, 1522, 1523, 675, 10, 39, 33},
{0, 0, 0, 0, 0, 0, 0, 0, 0, 0, 397, 673, 129, 1524, 11, 67, 263, 39, 33, 140},
{0, 0, 0, 0, 0, 257, 1525, 4, 39, 33, 206, 435, 56, 4, 1526, 1527, 129, 676, 23, 96},
{0, 0, 0, 0, 0, 1528, 1529, 56, 39, 33, 67, 263, 677, 676, 435, 402, 33, 677, 1, 1530},
{0, 0, 0, 0, 0, 0, 0, 0, 0, 0, 678, 224, 76, 16, 1531, 2, 10, 39, 33, 132},
{0, 0, 0, 0, 0, 0, 0, 0, 0, 0, 172, 12, 202, 61, 56, 202, 39, 33, 132, 1532},
{0, 0, 0, 0, 0, 20, 1533, 33, 39, 33, 132, 287, 1534, 3, 410, 1535, 1536, 254, 18, 670},
{0, 0, 0, 0, 0, 0, 0, 0, 0, 679, 170, 159, 680, 39, 33, 132, 681, 682, 1537, 683},
{0, 0, 0, 0, 0, 0, 0, 0, 0, 679, 170, 159, 680, 39, 33, 132, 681, 682, 1538, 683},
{0, 0, 0, 0, 0, 0, 0, 0, 0, 1539, 21, 39, 33, 7, 170, 159, 232, 1540, 1541, 1542},
{0, 0, 0, 0, 0, 0, 0, 0, 0, 0, 0, 56, 490, 17, 39, 33, 132, 1543, 3, 1544},
{0, 0, 0, 0, 0, 0, 0, 0, 0, 0, 0, 280, 1545, 39, 33, 132, 1546, 1547, 55, 1548},
{0, 0, 0, 0, 0, 0, 0, 0, 0, 0, 0, 0, 0, 1549, 431, 30, 39, 33, 132, 167},
{0, 0, 0, 0, 0, 0, 0, 0, 0, 0, 0, 0, 110, 1550, 1551, 158, 82, 39, 33, 132},
{0, 0, 0, 0, 0, 0, 302, 303, 44, 94, 113, 114, 304, 188, 305, 306, 307, 127, 94, 436},
{0, 0, 0, 0, 0, 0, 302, 303, 44, 94, 113, 114, 304, 188, 305, 306, 307, 127, 94, 436},
{0, 0, 0, 0, 0, 0, 302, 303, 44, 94, 113, 114, 304, 188, 305, 306, 307, 127, 94, 436},
{0, 0, 0, 0, 0, 0, 302, 303, 44, 94, 113, 114, 304, 188, 305, 306, 307, 127, 94, 1552},
{0, 0, 0, 0, 0, 0, 0, 0, 0, 0, 684, 685, 24, 11, 113, 114, 1553, 685, 684, 1554},
{0, 0, 0, 0, 0, 0, 0, 0, 1555, 113, 114, 23, 686, 687, 631, 1556, 150, 1557, 245, 1558},
{0, 0, 0, 0, 0, 0, 169, 224, 360, 289, 1559, 1560, 1561, 1562, 1563, 65, 1564, 113, 114, 223},
{0, 0, 0, 0, 0, 0, 0, 0, 1565, 268, 1566, 15, 113, 114, 1567, 1568, 268, 23, 110, 7},
{0, 0, 0, 0, 0, 0, 0, 1569, 1570, 349, 172, 113, 114, 675, 419, 207, 25, 55, 1571, 569},
{0, 0, 0, 0, 0, 0, 0, 0, 0, 0, 0, 0, 0, 224, 24, 672, 1572, 1573, 113, 114},
{0, 0, 0, 0, 0, 0, 0, 0, 0, 0, 0, 0, 0, 45, 84, 233, 52, 23, 328, 1574},
{0, 0, 0, 0, 0, 0, 0, 0, 0, 0, 0, 0, 0, 1575, 16, 161, 67, 233, 1576, 45},
{0, 0, 0, 0, 0, 0, 0, 0, 617, 364, 1577, 67, 196, 1578, 1579, 190, 45, 1580, 13, 1581},
{0, 0, 0, 0, 0, 1582, 655, 1583, 233, 598, 284, 534, 2, 573, 613, 374, 75, 16, 1584, 8},
{0, 0, 0, 0, 0, 0, 0, 0, 45, 26, 640, 76, 1585, 429, 688, 1586, 1587, 1588, 23, 245},
{0, 0, 0, 0, 0, 0, 0, 0, 0, 0, 1589, 621, 431, 13, 3, 1590, 342, 1591, 45, 390},
{0, 0, 0, 0, 0, 0, 0, 0, 0, 0, 0, 45, 425, 264, 167, 542, 1592, 1593, 1594, 1595},
{0, 0, 0, 0, 95, 1596, 144, 1597, 145, 1598, 1599, 1600, 45, 654, 433, 1601, 140, 13, 67, 1602},
{0, 0, 0, 0, 0, 0, 0, 0, 1603, 1604, 1605, 35, 23, 1606, 354, 380, 26, 1607, 1608, 45},
{0, 0, 0, 0, 136, 205, 687, 1609, 3, 625, 52, 93, 385, 1610, 366, 340, 1611, 125, 1612, 45},
{0, 0, 0, 0, 0, 0, 0, 0, 0, 0, 0, 171, 1613, 689, 180, 2, 115, 1614, 362, 678},
{0, 0, 0, 0, 0, 0, 0, 0, 0, 0, 0, 115, 171, 193, 188, 12, 1, 275, 62, 332},
{0, 0, 0, 0, 0, 0, 0, 0, 0, 1615, 376, 1616, 1617, 630, 115, 1618, 55, 161, 181, 1619},
{0, 0, 0, 0, 0, 0, 115, 1620, 536, 1621, 1622, 690, 1623, 664, 1624, 1625, 1626, 12, 1627, 1628},
{0, 0, 0, 0, 0, 0, 0, 0, 0, 252, 1629, 1630, 134, 31, 355, 232, 1631, 1632, 519, 115},
{0, 0, 0, 0, 0, 0, 0, 0, 0, 0, 180, 3, 1633, 26, 1634, 115, 527, 426, 245, 165},
{0, 0, 0, 0, 0, 0, 0, 0, 0, 0, 1635, 1636, 115, 243, 385, 16, 73, 15, 161, 21},
{0, 0, 0, 0, 0, 0, 691, 115, 1637, 1638, 24, 180, 15, 691, 1639, 390, 1640, 1641, 78, 129},
{0, 0, 0, 0, 0, 0, 0, 0, 430, 115, 1642, 56, 150, 89, 1643, 692, 1644, 55, 123, 1645},
{0, 0, 0, 0, 0, 0, 0, 0, 0, 0, 0, 0, 0, 0, 115, 1646, 95, 1647, 142, 1648},
{0, 0, 0, 0, 0, 0, 0, 0, 0, 0, 0, 1649, 1650, 42, 40, 138, 142, 31, 660, 1651},
{0, 0, 0, 0, 0, 0, 0, 0, 0, 42, 40, 319, 6, 17, 300, 9, 253, 693, 1652, 141},
{0, 0, 0, 0, 0, 0, 0, 0, 42, 40, 42, 40, 56, 4, 1653, 13, 1654, 1655, 241, 1656},
{0, 0, 0, 0, 0, 0, 1657, 8, 42, 40, 49, 10, 570, 141, 125, 694, 159, 460, 23, 1658},
{0, 0, 0, 0, 0, 0, 0, 0, 0, 0, 1659, 1660, 1661, 42, 40, 328, 23, 6, 301, 205},
{0, 0, 0, 0, 0, 0, 0, 151, 1662, 348, 42, 40, 1663, 157, 308, 309, 3, 1664, 139, 151},
{0, 0, 0, 0, 0, 151, 72, 40, 348, 166, 1665, 42, 40, 74, 43, 139, 72, 1666, 1667, 1668},
{0, 0, 0, 0, 0, 0, 0, 0, 42, 40, 1669, 1670, 11, 409, 1671, 1672, 373, 310, 93, 437},
{0, 0, 0, 0, 0, 0, 26, 472, 1673, 138, 2, 451, 1, 1674, 42, 40, 26, 72, 165, 151},
{0, 0, 0, 0, 0, 0, 0, 0, 668, 273, 308, 309, 151, 208, 142, 42, 40, 300, 30, 196},
{0, 0, 0, 0, 0, 0, 0, 0, 0, 6, 1675, 220, 9, 42, 40, 1676, 686, 310, 1677, 1678},
{0, 0, 0, 0, 0, 0, 0, 0, 0, 0, 42, 40, 543, 253, 1679, 308, 309, 1680, 18, 9},
{0, 0, 0, 0, 0, 0, 0, 0, 0, 0, 0, 49, 10, 42, 40, 1681, 151, 3, 1682, 9},
{0, 0, 0, 308, 309, 3, 49, 10, 195, 1683, 281, 277, 10, 13, 42, 40, 1684, 438, 171, 158},
{0, 0, 0, 0, 0, 0, 0, 8, 42, 40, 476, 6, 17, 1685, 9, 417, 397, 155, 49, 10},
{0, 0, 0, 0, 1686, 9, 35, 151, 374, 1687, 1688, 42, 40, 1689, 1690, 18, 18, 688, 78, 1691},
{0, 0, 0, 0, 0, 0, 0, 3, 295, 8, 42, 40, 693, 151, 103, 43, 35, 18, 384, 43},
{0, 0, 0, 0, 0, 0, 0, 0, 0, 0, 0, 0, 0, 0, 0, 0, 69, 203, 59, 60},
{0, 0, 0, 0, 0, 0, 0, 0, 0, 0, 0, 0, 0, 0, 0, 0, 69, 203, 59, 60},
{59, 60, 695, 129, 696, 439, 30, 22, 59, 60, 695, 129, 696, 439, 30, 22, 69, 1692, 133, 1693},
{0, 0, 0, 0, 0, 0, 59, 60, 175, 31, 59, 60, 175, 31, 69, 1694, 1695, 429, 203, 1696},
{0, 0, 0, 0, 0, 0, 0, 0, 173, 389, 59, 60, 206, 311, 440, 299, 66, 59, 60, 173},
{0, 0, 0, 0, 0, 0, 0, 0, 0, 0, 0, 0, 0, 0, 34, 533, 211, 4, 59, 60},
{0, 0, 0, 0, 0, 0, 0, 0, 0, 0, 0, 59, 60, 206, 311, 440, 299, 66, 59, 60},
{0, 0, 0, 0, 0, 0, 0, 0, 0, 0, 59, 60, 206, 311, 440, 299, 66, 59, 60, 173},
{0, 0, 0, 0, 0, 0, 0, 0, 0, 0, 0, 0, 0, 0, 59, 60, 697, 203, 206, 173},
{0, 0, 0, 0, 0, 0, 0, 0, 0, 0, 0, 0, 0, 0, 59, 60, 697, 203, 206, 173},
{0, 0, 0, 0, 0, 0, 0, 0, 0, 0, 0, 0, 0, 1697, 14, 1698, 15, 4, 1699, 1700},
{0, 0, 0, 0, 0, 0, 0, 0, 0, 126, 1701, 56, 216, 12, 20, 21, 172, 14, 21, 1702},
{0, 0, 0, 0, 0, 0, 0, 0, 1703, 137, 289, 1704, 14, 327, 698, 97, 392, 234, 1705, 351},
{0, 0, 0, 0, 0, 0, 0, 0, 0, 0, 0, 0, 0, 0, 636, 137, 138, 93, 14, 9},
{0, 0, 0, 0, 0, 0, 0, 0, 0, 0, 0, 0, 0, 0, 1706, 699, 6, 14, 24, 15},
{0, 0, 0, 0, 0, 0, 0, 339, 14, 194, 1707, 584, 1708, 2, 591, 1709, 1710, 194, 1711, 362},
{0, 0, 0, 0, 0, 0, 0, 0, 0, 0, 0, 0, 0, 0, 0, 365, 16, 9, 16, 14},
{0, 0, 0, 0, 0, 0, 0, 0, 0, 0, 14, 278, 52, 186, 4, 18, 253, 133, 1712, 1713},
{0, 0, 0, 0, 0, 0, 0, 0, 0, 0, 0, 73, 1714, 242, 76, 329, 14, 11, 391, 1715},
{0, 0, 0, 0, 0, 0, 0, 0, 0, 0, 0, 0, 110, 250, 9, 55, 1716, 698, 14, 182},
{0, 0, 0, 0, 0, 0, 0, 0, 0, 0, 0, 0, 8, 9, 52, 7, 1717, 1718, 642, 14},
{0, 0, 0, 0, 0, 0, 0, 0, 0, 0, 0, 0, 0, 1719, 63, 4, 250, 8, 1720, 14},
{0, 0, 0, 0, 0, 103, 301, 76, 14, 185, 125, 1721, 186, 77, 35, 78, 13, 9, 216, 1722},
{0, 0, 0, 0, 0, 0, 0, 0, 1723, 327, 381, 201, 14, 9, 8, 410, 1724, 125, 381, 242},
{0, 0, 0, 0, 0, 0, 0, 0, 83, 34, 400, 14, 27, 209, 417, 159, 122, 700, 375, 1725},
{0, 0, 0, 671, 1726, 501, 66, 1727, 391, 1728, 1729, 209, 1730, 1731, 1732, 129, 14, 27, 231, 428},
{0, 0, 0, 0, 0, 0, 0, 0, 0, 0, 0, 53, 441, 312, 442, 14, 27, 3, 229, 66},
{0, 0, 0, 0, 0, 0, 0, 0, 0, 0, 1733, 1734, 405, 66, 249, 77, 14, 27, 452, 23},
{0, 0, 0, 0, 0, 0, 14, 27, 635, 1735, 1736, 504, 1737, 1738, 1739, 157, 74, 1740, 1741, 24},
{0, 0, 0, 0, 0, 0, 0, 0, 0, 17, 122, 1742, 393, 1743, 1744, 1745, 234, 1746, 14, 27},
{0, 0, 0, 0, 0, 0, 0, 0, 53, 441, 312, 442, 14, 27, 3, 229, 66, 312, 14, 84},
{0, 0, 0, 0, 0, 0, 0, 0, 0, 0, 0, 53, 441, 312, 442, 14, 27, 3, 229, 66},
{0, 0, 0, 0, 0, 0, 0, 0, 1747, 24, 14, 27, 1748, 1749, 83, 361, 1750, 75, 43, 35},
{0, 0, 0, 0, 0, 0, 0, 0, 0, 622, 1751, 1752, 52, 1753, 16, 14, 7, 14, 27, 234},
{0, 0, 0, 0, 0, 0, 0, 0, 0, 0, 0, 10, 1754, 2, 1755, 496, 54, 116, 117, 90},
{0, 0, 0, 0, 0, 0, 0, 1756, 64, 1757, 122, 213, 123, 44, 209, 427, 116, 117, 90, 73},
{0, 0, 0, 0, 0, 0, 0, 0, 0, 6, 7, 1758, 65, 71, 116, 117, 90, 69, 191, 265},
{0, 0, 0, 0, 0, 0, 0, 0, 0, 0, 0, 6, 1759, 1760, 116, 117, 90, 71, 237, 422},
{0, 0, 0, 0, 0, 0, 0, 271, 212, 1761, 116, 117, 90, 135, 62, 74, 56, 1762, 1763, 1764},
{0, 0, 0, 0, 0, 0, 0, 0, 0, 0, 0, 97, 1765, 62, 97, 116, 117, 90, 184, 1766},
{0, 0, 0, 0, 0, 0, 0, 0, 0, 0, 0, 0, 125, 16, 7, 116, 117, 90, 23, 324},
{0, 0, 0, 0, 0, 0, 76, 1767, 16, 1768, 184, 116, 117, 90, 421, 20, 1769, 135, 62, 1770},
{0, 0, 0, 0, 0, 0, 0, 0, 0, 443, 1771, 1772, 637, 184, 15, 116, 117, 90, 186, 701},
{0, 0, 0, 0, 1773, 1774, 1775, 116, 117, 90, 65, 352, 41, 22, 567, 71, 49, 10, 186, 54},
{0, 0, 0, 0, 0, 0, 0, 0, 0, 0, 0, 197, 232, 197, 126, 529, 265, 118, 119, 126},
{0, 0, 0, 0, 0, 0, 1776, 23, 4, 1777, 198, 615, 26, 219, 118, 119, 198, 702, 692, 1778},
{0, 0, 0, 0, 0, 0, 0, 0, 0, 0, 0, 0, 0, 141, 65, 1779, 1780, 1781, 118, 119},
{0, 0, 0, 0, 0, 0, 0, 0, 0, 208, 1782, 1783, 507, 23, 4, 244, 399, 118, 119, 703},
{0, 0, 0, 0, 0, 0, 0, 704, 358, 370, 118, 119, 65, 705, 706, 424, 707, 169, 708, 191},
{0, 0, 0, 0, 0, 0, 0, 0, 704, 358, 706, 424, 707, 169, 708, 191, 118, 119, 65, 705},
{0, 0, 0, 0, 0, 0, 0, 0, 0, 1784, 469, 6, 7, 1785, 23, 118, 119, 6, 213, 703},
{0, 0, 0, 0, 0, 0, 0, 270, 422, 150, 195, 84, 13, 63, 169, 118, 119, 164, 1786, 295},
{0, 0, 0, 0, 0, 0, 0, 0, 0, 0, 242, 295, 228, 1787, 274, 118, 119, 1788, 1789, 564},
{0, 0, 0, 0, 0, 0, 0, 0, 0, 65, 25, 434, 125, 186, 17, 298, 141, 118, 119, 432},
{0, 0, 0, 0, 0, 0, 79, 81, 216, 1790, 12, 288, 20, 172, 1791, 586, 1792, 20, 77, 1793},
{0, 0, 0, 0, 1794, 142, 185, 1795, 72, 1796, 272, 79, 81, 438, 1797, 189, 1798, 3, 202, 1799},
{0, 0, 0, 0, 0, 0, 0, 0, 0, 0, 0, 0, 0, 52, 7, 79, 81, 709, 123, 15},
{0, 0, 0, 0, 0, 0, 0, 639, 83, 1800, 1801, 79, 81, 83, 1802, 1803, 43, 1804, 389, 2},
{0, 0, 0, 0, 69, 96, 710, 1805, 79, 81, 377, 1806, 11, 1807, 618, 68, 30, 1808, 1809, 1810},
{0, 0, 0, 0, 0, 0, 95, 323, 157, 215, 313, 213, 79, 444, 18, 313, 77, 81, 2, 711},
{0, 0, 0, 0, 0, 95, 323, 157, 215, 313, 213, 79, 444, 18, 313, 77, 81, 2, 711, 444},
{0, 0, 0, 0, 0, 0, 0, 0, 224, 610, 1811, 211, 1812, 552, 79, 81, 1813, 690, 1814, 1815},
{0, 0, 0, 0, 0, 0, 0, 0, 0, 0, 0, 0, 0, 52, 7, 79, 81, 709, 2, 4},
{0, 0, 0, 0, 0, 0, 0, 0, 0, 0, 0, 0, 443, 79, 81, 609, 1816, 1817, 24, 1818},
{0, 0, 0, 0, 0, 0, 0, 0, 0, 0, 10, 1819, 1820, 1821, 71, 27, 15, 249, 260, 144},
{0, 0, 0, 0, 0, 0, 0, 0, 0, 0, 0, 0, 279, 445, 96, 71, 27, 15, 446, 69},
{0, 0, 0, 0, 0, 0, 0, 0, 0, 0, 0, 0, 279, 445, 96, 71, 27, 15, 446, 69},
{0, 0, 0, 0, 0, 0, 1822, 165, 107, 1823, 71, 27, 123, 24, 1824, 1825, 1826, 194, 1827, 122},
{0, 0, 0, 0, 0, 0, 0, 0, 0, 0, 0, 0, 279, 445, 96, 71, 27, 15, 446, 69},
{0, 0, 0, 0, 0, 0, 0, 0, 0, 0, 712, 107, 96, 71, 27, 15, 78, 310, 298, 713},
{0, 0, 0, 0, 0, 0, 0, 0, 0, 712, 107, 96, 71, 27, 15, 78, 310, 298, 713, 1828},
{0, 0, 0, 0, 0, 0, 0, 0, 0, 0, 0, 107, 71, 27, 236, 12, 110, 699, 52, 1829},
{0, 0, 0, 0, 0, 0, 1830, 1831, 1832, 71, 27, 1833, 61, 12, 1, 168, 1834, 1835, 1836, 1837},
{0, 30, 1, 1838, 1839, 1840, 347, 1841, 172, 71, 27, 1842, 401, 1843, 347, 702, 296, 568, 1844, 145},
{0, 0, 0, 0, 0, 0, 0, 0, 0, 0, 0, 0, 1845, 75, 152, 24, 700, 1846, 1847, 1848},
{0, 0, 0, 0, 0, 0, 0, 0, 0, 0, 0, 0, 0, 84, 75, 152, 24, 250, 1849, 171},
{0, 0, 0, 0, 0, 0, 0, 0, 0, 0, 76, 161, 24, 144, 6, 320, 1850, 152, 9, 1851},
{0, 0, 0, 0, 0, 0, 0, 0, 146, 10, 31, 150, 1852, 1, 201, 1853, 1854, 152, 370, 1855},
{0, 0, 0, 0, 0, 0, 0, 0, 0, 0, 0, 689, 378, 1856, 231, 1857, 211, 1858, 1859, 1860},
{0, 0, 0, 0, 0, 0, 0, 0, 0, 0, 0, 0, 65, 82, 152, 288, 1861, 378, 189, 1862},
{0, 0, 0, 0, 0, 0, 0, 0, 0, 0, 0, 0, 0, 0, 0, 714, 168, 228, 152, 21},
{0, 0, 0, 0, 0, 0, 0, 0, 0, 0, 6, 1863, 1864, 1865, 2, 219, 152, 1866, 620, 701},
{0, 0, 0, 0, 0, 0, 0, 0, 0, 0, 0, 0, 0, 0, 674, 1867, 82, 1868, 3, 1869},
{0, 0, 0, 0, 0, 0, 0, 0, 0, 0, 0, 0, 0, 190, 152, 366, 231, 1870, 24, 715},
{0, 0, 0, 0, 0, 0, 0, 48, 1871, 1872, 1873, 53, 1874, 1875, 37, 88, 1876, 336, 1877, 1878},
{0, 0, 0, 0, 0, 0, 0, 0, 0, 48, 375, 1879, 1880, 1881, 48, 246, 44, 1882, 1883, 1884},
{0, 0, 0, 0, 0, 716, 48, 301, 1885, 717, 1886, 311, 716, 48, 287, 48, 1887, 198, 717, 211},
{0, 0, 0, 0, 0, 0, 0, 0, 48, 633, 4, 148, 365, 523, 1888, 268, 1889, 1890, 551, 69},
{0, 0, 0, 0, 0, 0, 0, 0, 0, 0, 0, 0, 1891, 53, 12, 20, 150, 48, 1892, 360},
{0, 0, 0, 0, 0, 0, 0, 8, 76, 1, 72, 1893, 48, 508, 464, 457, 336, 1894, 1895, 368},
{0, 0, 0, 0, 0, 0, 0, 0, 0, 0, 0, 0, 0, 48, 1896, 176, 1897, 1898, 35, 9},
{0, 0, 0, 0, 0, 0, 0, 0, 0, 0, 8, 524, 525, 1899, 1900, 1901, 48, 1902, 1903, 1904},
{0, 0, 0, 0, 0, 0, 0, 0, 0, 0, 0, 0, 8, 447, 176, 48, 11, 10, 448, 448},
{0, 0, 0, 0, 0, 0, 0, 0, 0, 0, 0, 0, 447, 176, 48, 11, 10, 448, 447, 176},
{0, 0, 0, 0, 0, 0, 48, 1905, 1906, 201, 20, 406, 91, 1907, 176, 47, 1908, 343, 262, 1909},
{0, 0, 0, 0, 0, 0, 0, 0, 0, 8, 11, 718, 21, 48, 17, 719, 296, 720, 721, 176},
{0, 0, 0, 0, 0, 0, 0, 0, 0, 0, 11, 718, 21, 48, 17, 719, 296, 720, 721, 176},
{0, 0, 0, 0, 0, 0, 0, 0, 0, 0, 0, 137, 251, 189, 48, 619, 1910, 373, 1911, 293},
{0, 0, 0, 0, 0, 0, 0, 0, 1912, 646, 314, 722, 153, 217, 553, 2, 4, 218, 127, 1913},
{0, 0, 0, 0, 0, 0, 0, 0, 449, 314, 78, 61, 153, 315, 225, 450, 316, 175, 317, 1914},
{0, 0, 0, 0, 0, 0, 0, 1915, 449, 314, 78, 61, 153, 315, 225, 450, 316, 175, 317, 1916},
{0, 0, 0, 0, 0, 0, 0, 0, 0, 75, 437, 153, 722, 315, 225, 1917, 316, 1918, 175, 317},
{0, 0, 0, 0, 0, 0, 0, 0, 0, 17, 1919, 153, 723, 1920, 49, 715, 1921, 1922, 153, 1923},
{0, 0, 0, 0, 0, 0, 0, 0, 0, 449, 314, 78, 61, 153, 315, 225, 450, 316, 175, 317},
{0, 0, 0, 0, 0, 0, 0, 282, 67, 724, 1924, 1925, 141, 428, 150, 437, 579, 1926, 723, 153},
{0, 0, 0, 0, 0, 0, 78, 61, 217, 218, 127, 487, 1927, 1928, 1929, 61, 175, 241, 1930, 1931},
{0, 0, 0, 0, 0, 0, 0, 0, 0, 282, 31, 724, 714, 1932, 218, 1933, 1934, 1935, 1936, 55},
{0, 0, 0, 0, 0, 0, 321, 439, 156, 1937, 491, 1938, 74, 180, 1939, 710, 1940, 1941, 1942, 1943},
{0, 0, 0, 0, 0, 0, 0, 0, 0, 0, 0, 259, 485, 5, 1944, 1945, 2, 154, 145, 260},
{0, 0, 0, 0, 0, 0, 0, 0, 0, 0, 0, 0, 0, 76, 335, 16, 7, 162, 2, 205},
{0, 0, 0, 0, 0, 0, 0, 0, 0, 0, 0, 64, 16, 75, 83, 230, 2, 387, 160, 1946},
{0, 0, 0, 0, 0, 0, 0, 0, 0, 0, 0, 0, 0, 0, 2, 4, 265, 154, 162, 133},
{0, 0, 0, 0, 0, 0, 0, 0, 0, 0, 0, 1947, 274, 2, 154, 63, 164, 230, 49, 1948},
{0, 0, 0, 0, 0, 0, 0, 0, 1949, 133, 7, 154, 13, 63, 357, 57, 1950, 1951, 1952, 1953},
{0, 0, 0, 0, 0, 0, 0, 0, 0, 0, 26, 258, 16, 7, 162, 2, 154, 402, 357, 164},
{0, 0, 0, 0, 0, 0, 0, 0, 0, 0, 443, 275, 62, 7, 162, 2, 154, 1954, 1955, 1956},
{0, 0, 0, 0, 0, 0, 0, 0, 0, 0, 0, 230, 162, 154, 49, 438, 73, 3, 16, 69},
{0, 0, 1957, 26, 258, 7, 154, 230, 2, 205, 49, 10, 433, 73, 1958, 144, 6, 694, 16, 2}
    };
    
int correctResultsTrain[489] = {2, 2, 1, 1, 1, 1, 1, 0, 0, 0, 0, 0, 0, 0, 0, 0, 0, 0, 0, 1, 1, 1, 1, 0, 0, 0, 0, 0, 0, 2, 2, 1, 1, 1, 1, 1, 0, 0, 0, 0, 0, 0, 0, 0, 0, 1, 1, 1, 1, 1, 0, 0, 0, 0, 0, 1, 1, 1, 1, 1, 1, 1, 1, 1, 1, 2, 1, 1, 1, 1, 1, 1, 1, 1, 0, 2, 2, 2, 2, 1, 1, 1, 1, 1, 2, 1, 1, 1, 1, 1, 1, 0, 0, 0, 1, 1, 1, 1, 1, 1, 1, 1, 1, 0, 2, 2, 2, 2, 2, 1, 1, 0, 0, 0, 1, 1, 1, 1, 1, 1, 1, 0, 0, 0, 1, 1, 1, 1, 1, 1, 1, 0, 0, 0, 2, 2, 1, 1, 1, 1, 1, 1, 0, 0, 1, 1, 1, 1, 0, 0, 0, 0, 0, 0, 2, 2, 1, 1, 1, 1, 0, 0, 0, 0, 2, 1, 1, 1, 1, 1, 0, 0, 0, 0, 2, 1, 1, 1, 1, 1, 1, 1, 0, 0, 1, 1, 1, 1, 1, 1, 1, 1, 1, 0, 2, 2, 2, 2, 2, 2, 2, 1, 1, 1, 1, 1, 1, 1, 1, 1, 0, 0, 1, 1, 1, 1, 1, 1, 1, 1, 0, 0, 0, 0, 0, 0, 0, 0, 2, 2, 2, 2, 1, 1, 1, 1, 1, 1, 1, 0, 0, 0, 0, 0, 0, 0, 1, 1, 1, 1, 0, 0, 0, 0, 0, 0, 1, 1, 0, 0, 0, 0, 0, 0, 0, 0, 1, 1, 1, 1, 1, 1, 0, 0, 0, 2, 1, 1, 1, 1, 1, 1, 0, 0, 0, 2, 2, 2, 1, 1, 1, 1, 1, 0, 0, 2, 2, 1, 1, 1, 1, 1, 1, 0, 0, 2, 2, 1, 1, 1, 0, 0, 0, 0, 2, 1, 1, 1, 1, 1, 1, 0, 0, 0, 1, 1, 1, 1, 1, 1, 1, 1, 0, 0, 2, 2, 1, 1, 1, 1, 1, 0, 0, 0, 2, 2, 1, 1, 1, 1, 0, 0, 0, 0, 2, 2, 2, 2, 2, 1, 1, 1, 1, 1, 1, 0, 0, 0, 0, 0, 0, 1, 1, 1, 1, 1, 1, 1, 1, 1, 1, 2, 1, 1, 1, 1, 1, 1, 0, 0, 0, 0, 0, 0, 0, 2, 2, 2, 1, 1, 1, 1, 1, 0, 0, 1, 1, 1, 1, 1, 1, 1, 1, 0, 0, 2, 1, 1, 1, 1, 1, 0, 0, 0, 0, 1, 1, 1, 1, 1, 1, 1, 1, 0, 0, 2, 1, 1, 1, 1, 1, 0, 0, 0, 0, 2, 2, 1, 1, 1, 1, 0, 0, 0, 0, 2, 2, 2, 2, 2, 2, 1, 1, 1, 1, 0, 0, 0, 0, 1, 1, 1, 1, 0, 0, 0, 0, 0, 0, 2, 2, 1, 0, 0, 0, 0, 0, 0, 0};
